iso_0.5: 0, 6, 0, 0, 0, 0, 0, 0, 0, 0, 0
iso_0.1: 0, 0, 0, 0, 0, 0, 0, 6, 0, 0, 0
iso_0.05: 0, 0, 0, 0, 6, 0, 0, 0, 0, 0, 0
iso_0.01: 0, 0, 0, 0, 0, 0, 9, 0, 0, 0, 6
iso_0.005: 0, 0, 0, 0, 0, 7, 0, 0, 0, 8, 9
iso_0.001: 0, 5, 7, 0, 8, 0, 0, 0, 5, 8, 0
soft_0.5: 0, 0, 0, 0, 0, 0, 0, 0, 0, 0, 4, 0
soft_0.1: 0, 0, 0, 0, 0, 0, 0, 0, 5, 0, 0, 0
soft_0.05: 9, 0, 0, 0, 0, 0, 0, 0, 0, 0, 0, 0
soft_0.01: 0, 0, 0, 0, 0, 0, 0, 0, 8, 0, 0, 0
soft_0.005: 0, 0, 0, 0, 0, 0, 0, 0, 7, 0, 0, 3
soft_0.001: 0, 0, 0, 0, 6, 0, 0, 5, 0, 0, 5, 0